3 0 1 39 49 6 3 33 23 25 0 34 0 1 0 0 0 2 0 41 0 25 44 33 6 3 10 0 24 0 0 44 0 32 23 38 2 20 10 14 40 0 0 0 39 11 30 0 4 0
0 2 0 46 0 23 3 11 21 0 0 45 0 0 0 0 2 1 0 0 40 0 26 11 42 0 15 0 0 27 7 35 24 16 42 35 0 14 0 28 0 0 8 45 0 0 29 21 0 39
1 0 28 0 29 0 9 0 0 0 0 18 0 20 38 14 9 0 37 11 20 20 0 11 0 44 42 29 0 0 0 43 0 0 0 0 0 19 0 0 45 0 0 42 0 38 0 0 0 0
39 46 0 2 31 22 36 26 28 33 0 0 0 4 0 28 7 9 35 3 0 36 14 27 0 0 15 25 19 0 17 0 0 0 27 0 3 0 0 19 0 0 0 0 0 0 5 0 1 19
49 0 29 31 46 0 10 0 5 49 0 25 37 36 0 19 2 0 34 0 0 40 0 0 5 0 24 11 0 2 0 10 0 0 0 38 0 0 5 0 1 0 47 31 44 0 0 42 14 0
6 23 0 22 0 31 42 41 30 18 0 38 0 0 21 35 38 0 32 0 44 4 23 0 46 0 8 0 0 0 0 0 0 0 9 0 26 0 31 0 25 0 20 39 0 44 9 32 0 19
3 3 9 36 10 42 29 42 0 11 43 0 5 41 13 0 0 9 0 0 0 0 0 2 0 31 41 27 33 24 0 0 23 15 1 0 13 29 28 0 0 0 19 0 0 0 36 10 31 0
33 11 0 26 0 41 42 8 4 0 8 0 21 15 20 35 0 0 21 0 13 7 0 6 38 12 20 0 0 0 0 0 14 0 0 0 32 22 21 0 0 0 0 0 0 0 12 0 27 0
23 21 0 28 5 30 0 4 2 0 47 0 0 0 47 13 0 14 0 0 10 32 46 44 0 28 4 0 13 0 0 0 24 13 33 21 7 11 41 0 0 39 0 0 0 0 36 0 0 0
25 0 0 33 49 18 11 0 0 22 16 0 23 45 0 23 45 0 27 47 0 0 36 45 22 0 27 35 0 0 0 48 0 0 21 0 6 43 0 36 0 38 0 0 0 8 0 15 0 47
0 0 0 0 0 0 43 8 47 16 17 0 0 0 35 0 0 26 0 4 0 0 23 5 28 2 0 0 16 0 0 18 0 33 15 2 4 0 0 0 0 43 0 34 25 20 0 0 25 41
34 45 18 0 25 38 0 0 0 0 0 23 18 0 12 0 10 0 16 0 0 0 26 30 0 24 35 0 23 0 35 31 29 12 0 43 0 0 0 6 29 0 0 0 39 0 21 0 48 37
0 0 0 0 37 0 5 21 0 23 0 18 45 0 0 0 12 32 0 29 15 43 0 0 0 0 0 20 48 37 0 26 0 8 22 38 0 0 0 18 0 48 0 0 0 4 0 0 12 0
1 0 20 4 36 0 41 15 0 45 0 0 0 8 0 38 28 0 0 0 0 45 25 4 13 0 18 0 48 46 0 45 0 0 0 22 2 0 0 0 0 0 0 7 20 0 0 48 19 0
0 0 38 0 0 21 13 20 47 0 35 12 0 0 20 39 36 15 20 0 5 0 0 0 13 48 0 4 0 0 16 0 0 43 0 0 0 0 0 0 44 0 0 33 0 0 0 0 1 11
0 0 14 28 19 35 0 35 13 23 0 0 0 38 39 18 0 7 0 14 31 0 41 9 12 0 0 0 13 0 0 0 0 0 0 0 0 33 0 0 1 12 46 0 45 0 35 0 3 0
0 2 9 7 2 38 0 0 0 45 0 10 12 28 36 0 11 39 1 44 0 0 31 45 23 43 30 0 0 0 0 26 0 0 0 0 0 13 21 0 49 0 0 44 39 3 9 0 35 18
2 1 0 9 0 0 9 0 14 0 26 0 32 0 15 7 39 13 33 15 0 37 10 0 0 0 0 0 0 23 0 39 26 0 33 40 0 18 0 2 0 0 48 30 20 0 16 0 15 0
0 0 37 35 34 32 0 21 0 27 0 16 0 0 20 0 1 33 30 0 0 0 14 0 3 10 15 0 0 48 49 0 18 0 42 46 0 35 0 0 0 0 43 0 0 49 14 0 0 0
41 0 11 3 0 0 0 0 0 47 4 0 29 0 0 14 44 15 0 1 0 0 9 0 0 28 0 31 21 11 0 0 0 17 35 0 0 0 3 37 0 0 0 0 0 0 0 4 0 0
0 40 20 0 0 44 0 13 10 0 0 0 15 0 5 31 0 0 0 0 42 13 0 4 0 0 0 15 0 0 0 37 11 40 0 10 0 0 0 44 23 48 34 49 0 0 30 34 0 42
25 0 20 36 40 4 0 7 32 0 0 0 43 45 0 0 0 37 0 0 13 29 0 0 1 31 8 0 12 0 49 40 0 27 12 0 1 0 0 44 43 0 30 33 46 0 32 0 1 7
44 26 0 14 0 23 0 0 46 36 23 26 0 25 0 41 31 10 14 9 0 0 34 0 1 30 15 0 28 0 0 0 9 15 0 3 0 1 37 2 9 0 28 49 0 0 31 0 38 30
33 11 11 27 0 0 2 6 44 45 5 30 0 4 0 9 45 0 0 0 4 0 0 8 17 0 41 0 0 0 32 6 25 18 0 13 18 0 33 44 24 24 30 0 0 8 26 49 20 0
6 42 0 0 5 46 0 38 0 22 28 0 0 13 13 12 23 0 3 0 0 1 1 17 16 0 26 12 0 0 0 22 17 0 8 0 0 0 0 0 21 41 0 39 48 0 0 28 43 0
3 0 44 0 0 0 31 12 28 0 2 24 0 0 48 0 43 0 10 28 0 31 30 0 0 18 0 37 0 0 48 14 41 0 24 17 16 0 0 0 45 41 0 0 0 27 0 0 0 34
10 15 42 15 24 8 41 20 4 27 0 35 0 18 0 0 30 0 15 0 0 8 15 41 26 0 38 24 0 0 0 0 0 15 0 17 0 25 0 25 0 0 0 0 0 0 12 0 2 0
0 0 29 25 11 0 27 0 0 35 0 0 20 0 4 0 0 0 0 31 15 0 0 0 12 37 24 10 0 21 41 0 0 0 0 23 9 0 0 0 41 0 0 0 0 0 24 0 21 4
24 0 0 19 0 0 33 0 13 0 16 23 48 48 0 13 0 0 0 21 0 12 28 0 0 0 0 0 47 23 14 0 0 26 0 26 0 0 0 15 0 0 33 0 0 27 35 0 16 0
0 27 0 0 2 0 24 0 0 0 0 0 37 46 0 0 0 23 48 11 0 0 0 0 0 0 0 21 23 19 0 0 18 20 1 0 0 32 0 6 0 0 0 39 42 46 31 0 34 17
0 7 0 17 0 0 0 0 0 0 0 35 0 0 16 0 0 0 49 0 0 49 0 32 0 48 0 41 14 0 21 0 30 0 31 0 0 29 6 0 43 0 26 0 0 25 42 0 0 0
44 35 43 0 10 0 0 0 0 48 18 31 26 45 0 0 26 39 0 0 37 40 0 6 22 14 0 0 0 0 0 38 33 0 0 40 43 0 15 37 0 0 0 7 0 0 8 44 0 45
0 24 0 0 0 0 23 14 24 0 0 29 0 0 0 0 0 26 18 0 11 0 9 25 17 41 0 0 0 18 30 33 0 0 0 20 0 0 0 18 0 0 0 0 0 19 19 0 11 21
32 16 0 0 0 0 15 0 13 0 33 12 8 0 43 0 0 0 0 17 40 27 15 18 0 0 15 0 26 20 0 0 0 24 40 46 0 0 1 15 48 46 9 0 0 0 0 6 24 0
23 42 0 27 0 9 1 0 33 21 15 0 22 0 0 0 0 33 42 35 0 12 0 0 8 24 0 0 0 1 31 0 0 40 41 20 0 13 0 0 0 0 0 0 32 0 21 0 37 0
38 35 0 0 38 0 0 0 21 0 2 43 38 22 0 0 0 40 46 0 10 0 3 13 0 17 17 23 26 0 0 40 20 46 20 14 40 0 9 0 10 11 6 41 30 0 15 17 39 29
2 0 0 3 0 26 13 32 7 6 4 0 0 2 0 0 0 0 0 0 0 1 0 18 0 16 0 9 0 0 0 43 0 0 0 40 0 0 25 0 35 0 2 0 14 10 0 33 22 17
20 14 19 0 0 0 29 22 11 43 0 0 0 0 0 33 13 18 35 0 0 0 1 0 0 0 25 0 0 32 29 0 0 0 13 0 0 46 0 0 0 0 45 0 0 0 0 0 42 0
10 0 0 0 5 31 28 21 41 0 0 0 0 0 0 0 21 0 0 3 0 0 37 33 0 0 0 0 0 0 6 15 0 1 0 9 25 0 19 39 35 0 0 36 0 0 48 40 33 46
14 28 0 19 0 0 0 0 0 36 0 6 18 0 0 0 0 2 0 37 44 44 2 44 0 0 25 0 15 6 0 37 18 15 0 0 0 0 39 38 48 31 11 0 48 0 43 0 10 0
40 0 45 0 1 25 0 0 0 0 0 29 0 0 44 1 49 0 0 0 23 43 9 24 21 45 0 41 0 0 43 0 0 48 0 10 35 0 35 48 43 15 0 0 21 0 0 32 14 41
0 0 0 0 0 0 0 0 39 38 43 0 48 0 0 12 0 0 0 0 48 0 0 24 41 41 0 0 0 0 0 0 0 46 0 11 0 0 0 31 15 9 43 20 0 0 35 0 48 0
0 8 0 0 47 20 19 0 0 0 0 0 0 0 0 46 0 48 43 0 34 30 28 30 0 0 0 0 33 0 26 0 0 9 0 6 2 45 0 11 0 43 6 20 0 0 25 0 43 0
0 45 42 0 31 39 0 0 0 0 34 0 0 7 33 0 44 30 0 0 49 33 49 0 39 0 0 0 0 39 0 7 0 0 0 41 0 0 36 0 0 20 20 25 17 36 0 2 0 0
39 0 0 0 44 0 0 0 0 0 25 39 0 20 0 45 39 20 0 0 0 46 0 0 48 0 0 0 0 42 0 0 0 0 32 30 14 0 0 48 21 0 0 17 6 48 0 20 41 1
11 0 38 0 0 44 0 0 0 8 20 0 4 0 0 0 3 0 49 0 0 0 0 8 0 27 0 0 27 46 25 0 19 0 0 0 10 0 0 0 0 0 0 36 48 48 0 12 0 44
30 29 0 5 0 9 36 12 36 0 0 21 0 0 0 35 9 16 14 0 30 32 31 26 0 0 12 24 35 31 42 8 19 0 21 15 0 0 48 43 0 35 25 0 0 0 11 25 0 0
0 21 0 0 42 32 10 0 0 15 0 0 0 48 0 0 0 0 0 4 34 0 0 49 28 0 0 0 0 0 0 44 0 6 0 17 33 0 40 0 32 0 0 2 20 12 25 13 0 0
4 0 0 1 14 0 31 27 0 0 25 48 12 19 1 3 35 15 0 0 0 1 38 20 43 0 2 21 16 34 0 0 11 24 37 39 22 42 33 10 14 48 43 0 41 0 0 0 11 0
0 39 0 19 0 19 0 0 0 47 41 37 0 0 11 0 18 0 0 0 42 7 30 0 0 34 0 4 0 17 0 45 21 0 0 29 17 0 46 0 41 0 0 0 1 44 0 0 0 43
